INSERT 50
178232392 -1931034556 -575185590 -1448452153 543797372 4761257 1404175551 -302341687 216626654 -274234784 -1074322187 -561187046 -1967829426 1751810027 796634146 -1129724196 -820558670 746552771 383507319 437415406 -1031040942 1223622049 353831825 144225383 -914702560 -532159314 -480709304 -513702993 1331634527 -1214798109 494830699 -1045124889 -745606969 -570918891 66362681 1548758038 537314948 1419740735 1477313310 2061141196 -1115905190 -228246723 -2085515945 1221033759 584948743 1263145299 -2031973254 -105611436 -713988350 -7199456
INSERT 50
224209110 -583331854 404355648 -1759140332 1534397330 -763665319 -1284685648 1341600700 -1727229618 -1594332242 -1831481496 -1683727371 43152604 -1033460705 -9009790 -405733281 687022139 -1669161451 2138762904 861552498 1955017283 -724280548 2041877861 428027378 -460113962 -1106588200 610268477 -1563787618 -1544757749 -309254230 -221221803 -2059980322 -665763643 -1793999425 -1150271313 -1471202996 1349826421 -1814161575 -289996005 -227498014 -2025608408 613372327 -272116206 -111752854 1594901538 2068858782 -92395283 845464303 244159261 -1528939328
DELETE 50
494830699 1349826421 -1831481496 -1759140332 537314948 1419740735 -575185590 -1150271313 687022139 1331634527 353831825 216626654 -480709304 584948743 1221033759 2068858782 -745606969 -1967829426 -914702560 -221221803 -1115905190 437415406 -1214798109 -1284685648 43152604 428027378 -2059980322 1548758038 2138762904 -227498014 -1033460705 1955017283 404355648 -309254230 796634146 610268477 -2031973254 -1793999425 -1106588200 244159261 -1471202996 66362681 1404175551 -2025608408 -763665319 543797372 -1528939328 -1544757749 -1594332242 1594901538
INSERT 50
-223380725 -858992547 1242910794 448066112 879345080 -1393608273 -547958397 53050979 -1811912201 -261597851 362243269 -807075656 -812652982 -1451094827 -501542981 533905892 352186695 807662571 1882739073 113983035 -1386905291 -2028500399 668766483 1356684439 150161363 -543542627 -1360910372 -1637346900 -74123750 -1487983240 1969061424 -215800378 -1852440013 1058472801 -4718236 -1037255354 2058785816 1080299149 1719860198 -1197756525 1530987101 -1065488602 -2063037278 1374245450 860676228 -2096523094 -1262947487 1858947622 227500275 1682842012
DELETE 50
-105611436 746552771 1080299149 861552498 -228246723 -405733281 -272116206 -1683727371 -1386905291 352186695 -7199456 1058472801 -1037255354 -1814161575 448066112 2061141196 1223622049 -2085515945 -9009790 1682842012 -4718236 -1074322187 150161363 -665763643 1719860198 -1393608273 -2096523094 -1262947487 -2063037278 -261597851 -1487983240 -2028500399 1356684439 -302341687 807662571 224209110 -543542627 1530987101 -1727229618 227500275 -1045124889 1477313310 -1065488602 -547958397 -111752854 -1448452153 860676228 144225383 -1031040942 1242910794
INSERT 50
2014431374 1452164444 -848478312 1988926955 -2025027567 -1554377930 1184755559 -513915508 -216147141 -1580280293 -688482063 1118444667 -1189924933 -111749583 1375173789 -1437010915 1203923799 -521172074 -1145146645 94475775 625535455 -2074865225 2072855963 -237236860 1424832573 5438456 -1144065974 1293986030 409438796 2136177477 585404279 -935882147 -1338511797 1866135919 -233282793 -487709368 -244264713 1574644931 -332054590 -2117204058 -1362117354 1387441986 -1652449118 -1191523910 -1099062621 704043458 798243730 -1043481002 1628524753 1298694322
DELETE 50
-2025027567 94475775 1452164444 -2074865225 -713988350 -1652449118 -1189924933 -521172074 383507319 -1669161451 -1043481002 -501542981 -1931034556 798243730 409438796 178232392 1293986030 -1437010915 1387441986 -1360910372 1341600700 1751810027 -570918891 1184755559 -688482063 -233282793 4761257 1118444667 668766483 -215800378 -561187046 -332054590 613372327 1858947622 -1145146645 845464303 -1811912201 -858992547 -513702993 53050979 -111749583 -237236860 1375173789 -1099062621 1263145299 -487709368 -1852440013 1574644931 1866135919 2136177477
INSERT 50
-2069351856 420020601 140467946 628438580 -1946930792 -336986330 307569464 949571681 280023816 -2144730120 -1109831470 -1991622125 1011790000 102263906 645783979 1497859214 626218792 -2142374676 498320538 563239878 -649722114 2048359069 1191109329 -565638383 -425607418 -594386178 -1722673683 200121274 -2118987095 2142631397 1023156664 858357050 1693647843 73591082 379850323 1313986640 -1181594232 -187816848 118701746 490103433 601619011 -1281211502 1279273860 377612343 -427082766 659544953 -237345583 1514988316 -2096125008 -2096478355
DELETE 50
-460113962 -425607418 659544953 -1563787618 2041877861 628438580 -1144065974 -848478312 -2117204058 1023156664 73591082 563239878 379850323 2048359069 -223380725 1313986640 -1197756525 200121274 1693647843 498320538 -2096478355 -724280548 1424832573 -2144730120 -935882147 -427082766 -1722673683 -244264713 1534397330 1191109329 -1637346900 -2096125008 362243269 -1129724196 -1181594232 1497859214 704043458 -1109831470 1514988316 -1191523910 5438456 2014431374 -583331854 858357050 -1338511797 -1946930792 533905892 -594386178 -649722114 118701746
INSERT 50
236317987 -1869039538 311240071 1722229622 -524320001 -1349086346 2101528075 1006309827 -332351341 -554174978 2145178232 1113318397 -1946269600 1209554542 -999197585 1668413392 1390202156 -965647679 -906042308 -2032906264 1630686560 -1561697360 -1253455887 -2111020524 1647179277 -1176141987 522548015 158927122 -1454693082 -1203305872 260742640 949504592 1591888148 1467274117 -1018701691 558223325 1014399679 -193416967 -1891979030 -2061134779 -1826942032 10903612 444640001 -1262054445 1041011483 -1462618044 207836165 370211331 342191752 -1602784164
INSERT 50
-1692198739 -608875541 1755982242 1772043753 -902336446 -1708804321 1968426017 642446926 -120489227 850942388 204340954 -1580215510 516769140 -879050634 265135646 521414409 -1849540515 312369710 871240545 -633999248 1689299038 1131372064 -221914062 1806992484 107535304 -1728062326 -1495713609 1064256577 1377097066 165273007 -202913325 -1397722062 2125434026 730135259 1424344732 814746417 443484674 -2131060709 190459703 -320248336 -133962210 -1501644228 1328839058 -1513597506 -913197381 -2145946814 1688839801 1582813880 -906391846 232221216
INSERT 50
1057871400 1008111237 -1056376854 1697446003 -399011822 847220480 -138510400 1506793406 -1149273154 -701390271 -2078499296 -1929917238 -1695622750 -2055008239 1186576329 -299536649 -294291671 685945029 -777462739 -1662953706 -1035569367 1026877318 1549488257 1906918160 -1524807112 -1004475408 1883570385 2051656993 -1089000642 -2102568003 -490368551 2127260176 -97907378 1644884214 2058976860 -1712895290 -1043590087 -449317362 1566282563 -353619032 -486398218 -908266509 -226353019 1743366374 897775764 -16370681 591064570 2143686343 1873829835 -1612597607
INSERT 50
2046994307 -1729943126 159586435 974422581 -95867649 -1102348338 55291190 1290655282 -262974121 1481003506 396333193 -1871583949 -1224422927 -957769345 1384094772 270263665 -1396306994 -1198862751 -1592333390 1226531138 1184755347 1771514781 1323573470 -1233356368 408078623 1984252283 -523771011 -277713563 -297525322 -1279826999 2099999070 -158614113 -1976366903 868983790 1400627899 -847413145 -1036831676 -167252523 1572178418 591744092 -1497426026 -328030383 1587398301 1908074527 -1046128061 -1786843528 126484320 181457573 1647501359 1004372582
DELETE 50
-1262054445 307569464 -294291671 1506793406 2046994307 -193416967 -399011822 -486398218 -1712895290 685945029 -812652982 -513915508 1203923799 1290655282 -1497426026 1424344732 2099999070 591744092 -1253455887 2072855963 -1592333390 1630686560 1806992484 1064256577 -226353019 2127260176 591064570 814746417 -2111020524 -237345583 -1056376854 -92395283 -777462739 -449317362 -913197381 -1362117354 1184755347 1374245450 55291190 -1004475408 -1454693082 -120489227 1026877318 -1826942032 871240545 1644884214 2142631397 1688839801 159586435 1968426017
INSERT 50
-96651878 -236286805 -1978407796 951605615 1516459257 1530526784 1814488968 2086132390 -1084623648 -1866776252 1411374098 1738156216 685534140 1632238732 -1333417069 1778692807 -1468988131 -1213356731 771850580 57062849 727047006 -1474012011 1418079608 -951013915 -1469521542 -1740642382 2102346275 -994325980 -1063498113 -246003412 402008511 -607152671 1779839023 569312385 1248773070 204009053 1881005661 1813938542 -762801432 -1337992389 863090522 1119657363 -860043278 95828229 -961656685 -549976620 1442885314 373885546 1862021594 -2086384326
DELETE 50
-701390271 -1279826999 -1946269600 1011790000 1779839023 -1468988131 1988926955 -565638383 -906391846 1969061424 -297525322 1743366374 -138510400 2125434026 -328030383 1647179277 1516459257 -1089000642 1813938542 311240071 -908266509 -1728062326 569312385 490103433 1442885314 2143686343 -2145946814 -1046128061 -16370681 -1198862751 1632238732 1328839058 1004372582 -1337992389 -1203305872 -490368551 1883570385 1390202156 -187816848 -549976620 2145178232 558223325 -2069351856 -1929917238 1881005661 140467946 685534140 190459703 1647501359 -879050634
INSERT 50
1072903171 1797610103 -610097406 -1288646904 759858782 1489394948 -569544448 -1243037047 -70016542 -108488171 1565472710 1355578858 -63339388 -1130933879 575252500 1837007864 -363199092 538256108 792926276 -837975185 987698314 -1372105697 1843009642 1842487248 372721691 -157149145 912054826 547945907 -855560239 -337134582 1443911399 1105334775 -1936697805 2109011159 -655674261 405078092 -1518125868 906628798 -752260196 1824559795 -1176320292 -1226070949 777477027 680103318 -2046397893 -463731255 -1406375311 700840649 642821372 494392207
DELETE 50
-274234784 -1288646904 -961656685 -158614113 906628798 987698314 -1084623648 -807075656 -1281211502 1384094772 280023816 868983790 897775764 547945907 -1176141987 1006309827 -1695622750 -633999248 1755982242 -1397722062 -1692198739 1722229622 1113318397 -1474012011 2058785816 -1871583949 -994325980 1566282563 260742640 -607152671 -2061134779 -463731255 -63339388 575252500 680103318 236317987 -554174978 974422581 2101528075 165273007 1842487248 -216147141 -1396306994 700840649 -1662953706 522548015 1131372064 1738156216 -336986330 -1406375311
DELETE 50
1298694322 1481003506 1697446003 2051656993 -202913325 -523771011 -2131060709 -1524807112 879345080 863090522 -353619032 -1213356731 1209554542 1772043753 107535304 1279273860 -1991622125 -1518125868 1008111237 -1018701691 642821372 538256108 -855560239 -1451094827 -2142374676 -965647679 -957769345 -2078499296 1572178418 -860043278 57062849 645783979 727047006 1072903171 -1243037047 1843009642 -752260196 2086132390 951605615 402008511 408078623 1014399679 1489394948 1057871400 -2055008239 -221914062 1797610103 1248773070 -70016542 -1740642382
DELETE 50
-906042308 -299536649 -1513597506 -277713563 -1708804321 126484320 949504592 1873829835 792926276 625535455 -157149145 1824559795 -1729943126 1906918160 -1130933879 444640001 10903612 -1063498113 -1043590087 -246003412 -133962210 -847413145 -1035569367 1984252283 396333193 1443911399 265135646 1467274117 -2118987095 1530526784 2102346275 181457573 1771514781 1105334775 585404279 1565472710 771850580 -337134582 1908074527 -1469521542 -762801432 204009053 -999197585 420020601 405078092 -1612597607 1689299038 1591888148 370211331 949571681
DELETE 50
95828229 1837007864 516769140 270263665 -1978407796 -320248336 204340954 -569544448 -1226070949 -1233356368 -1869039538 -1462618044 -1561697360 1814488968 1226531138 443484674 -1866776252 1377097066 -1976366903 -1372105697 232221216 -608875541 1411374098 2058976860 -289996005 -837975185 847220480 1119657363 -167252523 1778692807 850942388 -74123750 -96651878 377612343 -1849540515 -1786843528 -820558670 -655674261 1186576329 102263906 1628524753 -1176320292 -1349086346 -1602784164 1668413392 -1224422927 -1495713609 -1036831676 -2086384326 601619011
DELETE 50
-1891979030 158927122 1041011483 2109011159 -108488171 1355578858 113983035 -97907378 1587398301 312369710 -532159314 -902336446 -1102348338 -951013915 777477027 -262974121 -2046397893 730135259 1323573470 207836165 -1333417069 1418079608 626218792 342191752 -1580280293 1549488257 912054826 -1554377930 1862021594 521414409 373885546 372721691 -1149273154 -1501644228 1882739073 1582813880 -363199092 -2032906264 -95867649 494392207 -1936697805 -610097406 -236286805 759858782 1400627899 -332351341 642446926 -524320001 -2102568003 -1580215510
INSERT 50
793880568 1154077876 -1919631946 -1672566626 318033290 -1386861735 948980895 333987117 -131304791 408598726 1061861114 1201150845 -1005688495 -900469746 1027214607 -607342684 -768017688 372796095 1515593144 1886383518 -1227977473 -354981317 1965122268 1601075196 -1162413492 -283481009 -445477792 -1091862567 664119884 -1745627342 -2080886186 1315220302 777175453 541729287 730392697 -2097486711 -1845067182 1457448759 -1016570015 -1695851126 -659114152 1193478933 211154747 982787983 -212142371 1981304838 -463171442 -2070701274 2118163958 -1843160564
INSERT 50
439375221 1074578816 1624063306 94421110 -2023172370 -593680517 872568226 406274261 -705866866 924428093 1882688452 549622911 129521601 -1438485158 385591261 -1017421681 741657447 498381555 -1677184774 -455084336 -1083593972 -1657472412 1434483663 2076771479 -1126278575 36598634 823885363 605155768 -2005268908 1849773412 300433101 -2094257140 1554333940 1796738346 -1612344022 -1282798585 -1049753252 472255665 1054316331 -32471003 1019216832 937512867 -495880971 6612464 -286775488 974409121 -555029235 -2023976782 -282855317 -2067826297
INSERT 50
2091787831 -340434402 366768007 1169127794 -249590283 88697877 -1478888597 -1556447911 212485873 -558547394 1691794817 -864152899 -12041024 -541256608 522233523 -214879140 -2142013697 -1537236328 1561116782 1128278432 -1958696199 716664638 -1720922569 639802528 740311899 -1963462526 -1482642906 405205648 -239997392 -618300560 -243338873 863227576 -746979925 -311829557 -346014470 -349533541 -1387834585 1595632476 471171230 399079462 -1157845160 1832980543 -180866927 -973497871 604632554 -1522089173 -1268125809 -817902624 1360368840 -169075909
INSERT 50
-1934558525 592935176 1913021282 2024801989 -1484769615 -252545581 -1243507061 490052737 -276990950 1707034756 -649131901 -1282479367 303538894 -355873897 1062628295 -1933803777 511637326 813506032 -1483069254 1003384125 412598519 972875244 -1024080260 444055800 -797328719 477428685 586865771 -1228266133 1988817061 -391427748 -1861035814 -513638019 412882935 310366162 1115784387 305210722 591371284 -1245523921 -1434314588 1846484329 -470372 1252753827 544214793 1768818000 1143506074 1689872840 -1586494003 -616297353 -1384372892 -1823457054
INSERT 50
-1980755714 1736990592 1179676540 1749835533 -1610734592 -2117724744 -182755223 -294661767 -880185733 2106816798 1813514243 892497056 -227685735 1046217798 -2116465758 -361803831 1288788156 800291241 -1907723458 354131727 -1960263791 -402888310 1879878520 1171324891 -637192568 254321284 683373865 397439614 782742861 -1189172417 88018444 324606492 -1003653903 962528376 702865506 1923530790 1755651445 889306983 1968502247 1804447460 330290501 829375580 -1893302616 996971108 -375976984 2080063014 -1121676995 -826275795 -728512621 -2098718933
DELETE 50
793880568 -1384372892 -355873897 1755651445 1595632476 1968502247 2118163958 88018444 -286775488 1882688452 2091787831 -1282479367 1515593144 -1083593972 972875244 -445477792 889306983 333987117 412882935 -1268125809 -1434314588 996971108 -513638019 490052737 -616297353 300433101 -746979925 605155768 591371284 -1537236328 -817902624 1736990592 716664638 1046217798 586865771 385591261 254321284 -797328719 -1907723458 2106816798 354131727 -1933803777 -705866866 -243338873 522233523 498381555 1691794817 1981304838 -1522089173 -1189172417
INSERT 50
-1534742520 1273424214 2109542543 604726178 -1817066733 986478414 325180365 -1801270015 -246053854 -79366400 -738585880 -726198950 -1505033711 434405192 -1308520352 -1150957692 -948793958 -1608825319 -46592827 -1421962451 -1399020587 221763677 1659963375 2023024171 -1447989714 135137533 -1547005126 1261646620 -88145707 -1614345441 1931225413 -615945033 930210711 -2003694231 -1552032592 -269964512 1423598881 -1866717342 1583762985 -922650861 455234226 -1050732456 -1663555111 -1066115709 -669629765 1572337870 -2056468654 200182888 -81126922 -652634393
DELETE 50
1886383518 -1893302616 -276990950 -1484769615 325180365 -1963462526 -1066115709 974409121 -1091862567 1624063306 -637192568 1601075196 472255665 -1016570015 1074578816 -1005688495 324606492 405205648 -1478888597 444055800 1062628295 1360368840 455234226 823885363 -1243507061 1923530790 -227685735 -1534742520 1171324891 366768007 -1612344022 1193478933 1179676540 1707034756 -361803831 1061861114 962528376 129521601 -1483069254 -2003694231 2024801989 -1861035814 -2117724744 -2070701274 -1919631946 303538894 -1438485158 1423598881 -470372 -1150957692
DELETE 50
-375976984 -1157845160 -1934558525 -249590283 1027214607 36598634 -340434402 -1657472412 200182888 -214879140 -282855317 -1960263791 782742861 1988817061 -1547005126 702865506 -169075909 604632554 -1399020587 305210722 -2142013697 592935176 -1801270015 -1162413492 1583762985 -1745627342 -2023172370 -1308520352 -738585880 813506032 -182755223 -1126278575 -212142371 1913021282 439375221 604726178 397439614 1846484329 -2098718933 -922650861 740311899 -1980755714 -669629765 2076771479 1261646620 -311829557 -1817066733 829375580 -2094257140 1154077876
DELETE 50
-1843160564 -402888310 1965122268 -463171442 -1608825319 -391427748 -1823457054 -973497871 1813514243 1054316331 1768818000 -283481009 -354981317 1804447460 -239997392 -1556447911 -455084336 434405192 683373865 88697877 -1386861735 -269964512 937512867 -2005268908 -1614345441 -1447989714 -1610734592 -1672566626 549622911 -541256608 982787983 2023024171 -1387834585 -1049753252 930210711 544214793 -346014470 318033290 -349533541 -607342684 948980895 -615945033 408598726 -1958696199 1561116782 372796095 -826275795 399079462 -618300560 -2056468654
DELETE 50
-1228266133 1832980543 1003384125 -1121676995 406274261 -32471003 -1586494003 -46592827 1288788156 730392697 1019216832 221763677 -1505033711 1796738346 1749835533 639802528 330290501 -1421962451 -495880971 211154747 1931225413 -900469746 -12041024 -79366400 1434483663 412598519 -2023976782 310366162 1143506074 -246053854 -1695851126 -649131901 1572337870 1169127794 -1663555111 -1017421681 863227576 -1720922569 892497056 -1003653903 -1845067182 -728512621 471171230 6612464 -652634393 -1552032592 212485873 -81126922 -659114152 -768017688
DELETE 50
986478414 872568226 1849773412 -1866717342 1879878520 -880185733 -726198950 1315220302 -1024080260 511637326 1273424214 -2116465758 -593680517 -1482642906 2080063014 924428093 -864152899 -131304791 -2067826297 94421110 -180866927 1115784387 664119884 2109542543 741657447 541729287 -558547394 -948793958 -2097486711 1689872840 1554333940 -555029235 1659963375 -1050732456 -294661767 -1227977473 777175453 -1677184774 -1245523921 -2080886186 1128278432 -88145707 135137533 1252753827 -252545581 1457448759 -1282798585 477428685 1201150845 800291241
INSERT 50
-1370626169 -1126928624 1263320725 1286325243 1692951680 -306186440 910333585 131766367 932242054 -257293953 -2005461596 -938660798 -62748060 384058975 -738378146 1652572608 1014942860 -222395179 -227454380 137567573 -318770150 -439689275 2100866599 -355693081 -2017754933 641006524 1990927225 1588306610 245975268 727569410 -492381527 1326473743 -945905410 1965594288 -1694039299 -1982322914 -1207530389 -897263174 -841669272 -254385268 -1321424753 -190763043 718741762 916805651 -1410557192 2054569288 1391770014 2143433475 -2113602006 -1414644104
DELETE 50
2100866599 -2017754933 727569410 -227454380 -945905410 -1410557192 -1321424753 1965594288 -62748060 2143433475 131766367 1014942860 137567573 -841669272 -222395179 -439689275 -1207530389 -1126928624 1692951680 -355693081 2054569288 932242054 -254385268 384058975 -938660798 -492381527 -306186440 -2005461596 -190763043 -1982322914 -1414644104 1263320725 1286325243 1326473743 1588306610 641006524 -2113602006 1652572608 -318770150 -897263174 910333585 1391770014 -1370626169 245975268 718741762 1990927225 -257293953 -1694039299 916805651 -738378146
INSERT 50
1532118269 -1398743216 984293334 919102812 -907982164 -881329591 1791850335 1441444384 -2089389758 1288702541 1450768532 -385551230 -515186862 144729317 1400856818 1327234186 2125411661 -765715522 -851685461 -1305023105 -134257549 2139933931 -1675045527 263276464 -660968616 -533282294 688878192 -71058899 2056345280 1462270256 -1770967292 -828859470 -68244234 1880349157 -2133502805 -1895102386 1881505715 -137237572 1046605903 1439438296 409505953 -130793880 1157627019 2103973783 -973887865 1746476351 -121738378 599469927 233995983 269985033
INSERT 50
-1554670105 -1517543356 1757630237 1402424565 1047987026 639245972 1731919891 391640721 -1935981669 1096780703 1782476521 405819584 1593619053 -1204684870 -173552387 -455534082 -62410369 883108443 -93685683 -2053235055 1840981260 -660778640 1017693830 -1141827563 -1025639392 1439501816 -694362050 1043858857 1299560833 -43109541 667491491 -1160910710 496969262 -623583321 1889649546 1268569583 -1937238831 1644245256 1122563160 -730230405 1322383148 -1856128018 -1961173837 -2016688490 1050774615 1873729082 764514414 -633262324 8618879 382880990
DELETE 50
-515186862 1840981260 2056345280 391640721 1096780703 1532118269 -71058899 -1141827563 496969262 1322383148 1046605903 -1895102386 639245972 -2133502805 -173552387 -137237572 1402424565 984293334 -43109541 -2089389758 1288702541 919102812 -68244234 1043858857 -633262324 -1204684870 409505953 -134257549 599469927 1880349157 405819584 1441444384 1757630237 -1961173837 2139933931 -828859470 -1554670105 -694362050 1439501816 -1675045527 -1305023105 -1856128018 1731919891 -1937238831 -973887865 1299560833 -2053235055 1889649546 -455534082 1439438296
DELETE 50
-1025639392 1873729082 -62410369 144729317 -385551230 -730230405 1268569583 -1935981669 1881505715 1450768532 2103973783 269985033 883108443 -1517543356 1047987026 1462270256 1122563160 -765715522 -1770967292 1327234186 764514414 667491491 688878192 -121738378 1791850335 1400856818 -130793880 -660968616 -533282294 8618879 -660778640 -1160910710 -907982164 1593619053 1157627019 1017693830 382880990 -1398743216 1050774615 2125411661 -623583321 -2016688490 -93685683 1746476351 1644245256 263276464 -851685461 1782476521 233995983 -881329591
INSERT 50
314439870 -1279012960 1919359621 192137374 330486081 -1433948651 -1640522312 -110299040 295301775 -36905277 2119543931 -1336895195 -2084720053 1670212278 1909321726 385017301 -933593024 525047399 935843337 -63192111 -1082163202 -1847835897 -369515656 -240729161 1612281179 636759456 -497509355 -1808075933 1792471150 -1225308867 725797552 1286732251 -1017556387 -414257498 -754124494 279914573 -628983798 -135924381 559481729 -1114991398 571517474 -919903888 -1600040934 852334340 651164223 1596138763 -945581426 44992646 190536461 -890946261
INSERT 50
-108299365 -586286227 -43708369 -1297431976 779109932 311891280 1072462133 797060477 924680784 -230414493 -708740821 -1929048072 2115650922 839803774 -328692177 -1850174568 1265984378 -1062939023 759117593 -1290391313 714217104 -1933038197 -1396067722 -2055912249 -981372974 1348832987 -488129092 -1446659980 1323211971 -1380318335 1062453414 2028190674 -89153063 1651132249 1003728729 278683876 793016757 359363858 667264204 144346488 2103935490 1436981690 -686315038 2045123304 1494609794 1244354090 1014947120 -490340986 -981938958 1804160747
INSERT 50
-1143337632 1294335471 -1881386501 -738946666 1102059942 1162950434 1865361539 2107417125 -787701640 -1357830636 225499463 -1425721742 -476390893 -483171734 -1865412756 -2137111175 -1642100587 -1541785323 427931596 1867571288 -870371808 2094863249 2099495094 470474959 -1586863692 -264937804 -1900989515 -1629586484 -1141367906 1722854143 -1631854737 -1630931798 -1790751438 -841088162 1153042434 -19021057 -1861236370 -979187038 1741819415 -1249261313 -1050637686 317245867 824623510 -582119469 169201410 -1869150011 1109743306 25294666 -1328389366 -2097324061
INSERT 50
-1732228466 -841136926 1252121045 902143458 536729653 -1795961906 -183248607 1760171816 -249401865 -914960499 586653863 1467140489 556639638 -1559033560 628691936 -836787854 1175735185 -1358051651 1485041831 972551673 1615359541 296446598 -1805320099 -1495960449 1694446355 -61508390 -992946951 -162783814 -1829297966 -1048956648 -200991192 1584390206 -185230799 1051549221 2131849193 -849126853 304331901 2049626931 1491119393 -2118489538 2043910992 -1355288995 1030695703 -1776930467 -1353055178 -1943535579 454109338 1847026765 -1496968791 1042483562
INSERT 50
574069062 -1252901670 383839360 397977746 -1479383422 -557997420 -463310797 108857842 145728684 225767258 -914265451 499851487 11466659 -1331869067 1046782338 96715017 -172256342 -2013070322 -739885091 -568092528 1054920221 -1023288351 1506992003 -233158863 -1832933037 34195498 934650702 -1912686168 -1848476489 644436813 765797123 917410876 1717282417 189934353 -1890224912 -676888340 297569387 -233761004 -2136910482 629304261 -915667709 -1592535823 1826081640 -584949652 -1049727469 657138073 1474033405 -1415291563 287997076 -600646083
INSERT 50
-925413947 -1638054037 -545496406 952349580 661440899 -1624765005 -1259328173 -831785354 -329915929 -635015768 965984141 -801393873 -2005615572 -568345122 770088727 -991939910 1215858658 -2068295075 -2059642893 -1491489513 -190831913 -149446475 -678182225 1542839127 -902106338 1143448158 719541837 -1986370946 -2081526090 -718804468 -1761309061 909871661 -2143961400 -1941718544 499840461 70355849 1674523000 -1143162233 -1422574523 -977604142 537317619 2051369954 -347235481 188958529 599693365 641062071 903516970 -1892920297 -1066902724 -453382073
DELETE 50
-183248607 628691936 -1941718544 -1066902724 1491119393 -1495960449 -1832933037 765797123 -162783814 902143458 145728684 1485041831 -2143961400 34195498 -977604142 189934353 11466659 70355849 657138073 1847026765 1760171816 629304261 383839360 1143448158 -584949652 -545496406 556639638 -1496968791 -836787854 454109338 -1415291563 972551673 -1592535823 -2068295075 -1559033560 108857842 -1023288351 -568092528 -1892920297 -1624765005 -739885091 -1890224912 -1491489513 -568345122 2049626931 499851487 296446598 -902106338 -249401865 -2136910482
INSERT 50
-2068562101 -1439548665 -307454086 2036003436 747432413 -374523084 -1489678944 -1378828620 -1728357605 -1646036259 36914952 -1848836194 -904998248 431066649 -614430875 130369052 1335171741 312892426 -212159321 -1872314383 -1719193597 -2087257953 1238802663 349302393 943758542 -2106108625 2137433779 -545807584 1659257521 1668155287 1981050422 -1699177042 1925163091 -1122548517 -77607469 122430548 1721942652 -1699527168 -1495612809 -1398034685 -382976868 -849426462 -1240629435 667225033 -453019380 1373344444 1497816949 -245151878 -1463394893 -1219186020
INSERT 50
-1525470163 -37200107 -1122764671 -950902652 893057034 229501291 305117521 1815845403 -2099731472 970839914 1758306140 1786867913 1009356285 145223783 -1898576460 -1991218861 -1428893157 -471256313 -746913853 1358915152 -1877661104 -373770863 -236987199 -1611374558 -1261906765 1693006149 -1527049407 678278901 2094369678 -1135793766 1598249733 738631697 -1014697380 -1677283792 1595638749 968756374 -1403600412 -1495714759 1537010566 1123580691 -1976088016 1072401843 42368641 -1653094240 -1764989315 1622769494 2001187738 521173556 -1180843241 -359235309
INSERT 50
-1231516444 -845216614 1027166931 1957991107 1434407414 -874349604 334595406 461925628 512835395 1412280742 1801718642 1855323128 1853798320 -991141531 -1913302747 109200858 -1919675482 -756866251 -1312361015 2126536410 -1775926310 -299845225 -217097850 -546812541 1544778236 568826792 16043894 951913651 -1815149904 -1390185365 302780514 -15463595 1099545643 -576497519 1157952623 -987589035 -237333935 1966147366 2064960898 514800821 11526700 253997549 2049721550 -1009146701 -542501191 949243963 -368585499 975909451 -1439320135 1546843334
