INSERT 50
1901686518 1846715389 -1153060956 -1043115121 -1298817770 314015406 -1834279407 -133077512 1739047355 1385397555 494624317 1269940457 680853113 7784812 -1692447513 -141394527 -1880246767 -762762237 526608282 104841673 -68785887 1796963112 -2106250441 1161578202 -1094097661 140190167 -227692051 510128866 1645849659 713222396 1639475534 -234988924 2124964398 -9375193 1400565354 -1842044406 1960064210 -379606486 -483331641 -1478948279 2146132633 2129324513 -1555164105 126746331 1798820691 1208431576 -1266925799 -815082840 -945839435 -1283259592
INSERT 50
-1696797758 1259375424 -413742058 -1293254038 244061143 145786714 -1136431654 -1796498485 810421401 -399589323 -943912722 -902701580 -473351163 1800612527 1756865037 -2115722876 -1385197320 2121787238 -313690807 -57461614 -679882244 -1039732674 -319836995 1282415041 622907709 1905487251 1340142075 1489720146 -1646696164 799477178 1015279024 -1167379451 227643386 107986523 -1062507315 -739795528 -1300313656 -288509879 -747464648 -2111186298 1764025895 -1001318100 78146658 613845724 885749038 -1966102770 -78659247 541266130 814090577 1353642096
INSERT 50
603566663 1102645065 -116933689 1132152560 -328902630 -1294559973 -40643392 -510620843 -1260312794 -940851515 -1336714746 -1811634914 297004010 -346738155 380388252 2038333834 -793270247 -458329050 -1467474909 -267719771 2067386736 72113419 -350448745 -2074089354 -1818293868 -76284507 732028130 136399706 -1345792823 1047931960 1876571012 -215590553 1266700262 1428347696 193268054 -516754356 -754177888 -2057733131 382229530 840738644 376194348 -1955540567 1430303839 430951682 -1642992809 1588714651 -411878404 -852867659 -1294055550 799579148
INSERT 50
598362524 -1479051109 -792300739 -1778777671 -1245193873 -1343460047 -1453748034 241766558 1602772468 -1722250776 -769518920 -683890477 -1074302549 1978142604 87015400 -2096054077 -268521981 -1535194302 505776811 -817324622 1867901506 287992411 -799564296 1696645220 1799492124 -1575860895 -2053435582 1808882973 -860852713 -464698350 -1407051136 -651847804 789676159 731690370 603474620 -948053866 1184687767 1420523253 -1964075242 214399036 -871594008 1429093643 1510528371 -63539014 391509297 1947269928 159467980 -779504474 -1293555716 373223984
INSERT 50
-1656049566 1121547313 1637388915 1751671119 -721120527 -1734153412 -571535733 -707673731 1531015904 -1485234892 -1013688188 -1899997556 101807693 1553362047 1509495229 1600093291 77491491 -1418561393 1587132698 1595660534 -2124360576 -1928695413 -18926951 1698355258 -802577533 -141722168 1831948331 1028988206 1424883992 -1958554775 -1797522497 547944684 -979481067 208878243 -151880673 1654626786 -1660618070 2128818936 1783280227 486846035 1929108698 -1289668202 133959814 -607992554 -72657609 1221110998 -2052822067 2051716060 -435448086 828002127
INSERT 50
-136243196 49965633 1833113136 775126880 1041336008 -639503436 1883642117 1537545609 1534975867 -168995254 -1723888310 417344078 -371060857 -1838063960 822521368 -163362347 -1994326700 1511214421 1995988840 1607444600 -1724069016 -1299645539 -1146415150 -372645892 70683857 -394990266 -854813911 1424594658 2005743905 -1241544976 -1828821015 -2081070143 -1860312970 1067174963 1058549658 -855314724 -1998291342 -1419969882 -349656745 1374504978 -672075744 -1197131896 -183433137 -105917312 -1450107514 -557630487 -623894921 -920742123 1619234206 -983507685
INSERT 50
-45978290 -2063195477 871312974 -984893807 -1086450912 -320383496 1193713191 861412553 1563134709 98919302 -1671244131 -1861623416 681638817 494310387 384894306 -709707433 -1300142019 1683214877 -505710591 987275341 856360178 1608874164 1420444624 244492642 -1691395947 1840995952 1378558496 -532768608 79537673 2033033216 -1500762016 -1517315030 620835041 66151192 1019658239 1996371414 222556792 730059013 -1523764756 933580301 1777129340 319365017 -157569670 -2031588337 417845536 -932241590 1587352301 825525819 -1419502370 -679515408
INSERT 50
2107902306 2012452677 -1869511067 -455473297 2071951028 -1564442384 1000241389 1465434122 -1701827098 367852399 -557043071 388702940 840294132 1904606671 -131598023 1400169154 -125146568 2077346977 -149852559 -1117425045 1050272909 1036647020 -2064307740 -1717653693 345137459 -1189730355 -1213503964 -1589003973 955945603 400152211 1423901875 -222662144 1363410392 -1605597653 516105934 -726638067 1895355111 494122135 1983128774 -1453049451 -1398408992 -1782440362 961963618 -1115031173 -1970052333 -1055441303 -1652612636 -627256968 1192925028 910536495
INSERT 50
2014341689 1414080593 346375191 808982845 -1623428235 1539053763 1291928591 -1941904958 -1004220097 1101770429 -2032545773 -38045004 1608368939 -137389678 -1926285035 -1642846660 125764127 -1467208613 -1508179964 1550362889 -1558445639 742637771 -1952659723 -106045599 -70514115 -608439524 -1850802232 -1778371913 -1120748086 1806101113 -1322535671 -715259416 1631250235 -777113942 1764157240 -900159724 -1188530210 241291530 1903576870 -1316199056 -775783585 -1055009118 -894778329 -310526392 363561464 -659589047 -237330089 -1547025245 -901311399 -1941214725
INSERT 50
931348454 1683502254 1997270551 838569117 -897237153 -1213006621 2138505647 154148098 -306880317 1541920106 1067519287 1475382852 -1579662415 197281729 -753577603 -1678451600 -1449798107 1717340881 -663831786 613854009 381171468 -2087582188 1717541552 -1676567102 -452843987 1830928025 2113665983 -99094382 1895230713 -353715800 2126316184 -1676494316 -448589482 -1742257748 -8446789 -423366299 1128316641 -248456842 -154833423 528524646 -1957538729 -1410513860 164457868 -668250372 1975194082 -355970789 1294651131 -1763679861 1112117570 -590769908
INSERT 50
-747948519 -1059422370 -1401427148 263565184 1041531787 984016898 954962662 718671209 937129953 1286106211 -1917706466 1489569829 1150264151 517475354 -2139836481 895088282 -1716116381 -1049341662 -452403464 -907410679 561387547 -2131825455 -2032792926 -1916954897 371942280 1411884836 -866897122 1856313013 -1588473547 -567791940 -1664960715 1398949096 -1311297129 881053736 257942226 -1867090520 1707842235 1387647550 548487251 797909835 -1302911829 1588012229 688263761 900620084 -1950286829 2111373587 -542642038 -418839257 1254888506 -1364716722
INSERT 50
-1865130294 -387390649 982771336 1981649411 2086408816 -16587377 -592833994 433947105 1730260436 -1872181249 1717179154 -1014559146 1424323936 -953354235 -1256941129 -1113697216 1683588809 -388475095 -870083257 -528396388 -191036308 674945503 860163970 -269369945 -1839727167 1265314896 -2072346886 1503449401 1394311735 1049058900 911202903 -1382710844 -1541812060 90358966 -571017857 -1809854259 2072395709 566292863 -668368451 388672652 195943343 439956093 1895464710 86739724 -1352437190 -674191007 857080599 -860542022 -48350194 1325845973
INSERT 50
1566465282 2088922574 985508874 1915057715 630042296 -1255422626 -1118083006 1984415118 -1632952779 -1166488865 1742575267 29953900 -1342121721 1820992598 1645431691 974584598 -585321901 -1893670905 -2040030459 1545518974 -1643104026 820005861 -259332639 -2013619094 1576680016 1471162392 -457959020 -1814116001 1723824428 998468582 529237961 -1859302754 848385544 1729165805 -1761611275 -1848823489 315473373 -195060805 -784733692 1884290872 1485311555 -782104411 -490417079 1166021693 -1529003001 2144155566 485030343 2116818679 148096664 -1198455946
INSERT 50
-164629131 1000050168 -760957084 -1150826972 198772292 -2082178482 815540242 -1975449357 -1367658042 -124866279 -1621381550 941383500 -754704188 -1169517132 -23911003 315797053 -489240717 2077523965 1123645418 -1755852755 241108335 835019152 -685354712 328697451 910687860 2094317967 -948328459 -1307390609 1776284489 1659716301 -1367700959 -36139173 380696926 1978366428 -17353272 655413323 -267329216 -1482247089 768429827 -1286517653 -1804671244 -19898653 2124361919 1274431865 174222354 -1263740245 99138046 -1524456206 1273667622 -570286811
INSERT 50
-1127545170 -1776433804 -47809962 -308070337 -24533548 -1238648655 -769313533 -1955561438 -566707641 1275828113 77203158 -1583855074 454546138 -1625728169 391124087 -164263259 1251882779 -7230300 553497690 -83623113 136496051 -828551356 -279349203 503870989 -232607667 342255196 1241048721 1425789022 209592331 -900753084 1419448030 1179810212 2125461630 -1863779424 -2104760767 211413363 829831623 -1315992975 1609620607 1674135984 -1484719434 -1819821320 -264512828 204332698 1482604476 -299294057 752676474 -1755560131 -1567085535 1380169754
INSERT 50
-1252026163 -922581607 1140416977 -503238966 -626880754 68866376 -1569249611 1878158419 255110648 -1167018207 -812105635 -1259044720 -274387163 816339638 1141832896 -1420350489 -1102785293 89203212 -930442716 -1223683700 -722165198 -691937708 -2018865235 -607880229 -190472386 -1602076727 1906614545 711511970 -1896930866 -2093268391 1601628776 -1407319244 504749790 -1497397487 834877594 1562018943 815260365 1683258612 -1520106329 2039211673 -70914829 548051402 -1039795512 786346830 -797920875 -1388141708 -326541039 -289770773 -230498122 595325247
INSERT 50
1138334677 879442545 -393382827 -133965528 1681327032 572495656 181591876 -215577410 1377385817 997386025 2136528980 561050180 2041318486 601220620 839323837 1966971239 1036433309 -281217098 -1849371825 -1324591100 -613175094 -1339613132 -956731157 -1280863601 788842616 293848717 2107976083 -1465766479 908878900 921361518 -1473273406 -2082404311 -338845309 313585138 -2078792027 -141393134 1090830702 -70869953 -252870132 207744274 -1210897582 1330921831 1864083175 1462714595 -767815368 -1761897682 -80451128 416897906 -1679416472 -1419905113
INSERT 50
-305724292 -458014719 -668136688 1376199078 107814519 563156277 -931099720 -2001593216 -1590258183 63060383 -380423095 -1913838420 -987563715 1871392072 756158266 1867241824 -1052798511 1539647379 -1867831727 -307918107 -2104227789 13571061 237587106 2033273539 -1523280081 -1011931646 1040141281 981468518 -548971180 1765000970 -1977617581 -985821644 -1799798467 -906003588 1554285821 -1091759400 1867655618 -2103448851 -1364110637 720041109 -1796359523 814762335 211609412 1379051424 2113259625 574664091 1922745452 2047798176 -920455643 1337818407
INSERT 50
452478830 -1930357752 -1449540542 707333883 -821946382 -218171594 -807598471 506364236 -1080829182 -1129946692 367474799 -916091287 -1755376405 268101604 -1024631535 -405022855 1543896966 -112057513 1443875649 -1624046611 -1766542068 -1078550724 1279022811 398124142 -245947253 -871054884 -2084076113 -354650424 301779807 10557069 894427924 -1977925131 -1315293272 777012717 -1654087252 1836399600 -1926672230 -1915020227 1876923380 1212510787 791907825 -479503732 -1405565263 1470661807 -1440123525 1294954392 -48071474 1509687707 435073834 1133859193
INSERT 50
-364675343 1647509852 -322522535 647512056 1926270278 -751480402 -1840518763 1991609819 -411019541 477045160 1734104250 -1293062619 1345630099 950287495 272121921 1367074120 1844758609 1827279541 132561160 -915222037 1693735727 -1680935920 -110373979 2103736807 -2088560600 1860453750 1255498869 1418688497 338203767 232133198 -1911804856 721413350 -1252646560 -542424060 -1019273413 772722408 -1624107284 -1713421230 657164728 1576352868 -942125353 131692081 -809918560 -124177826 1366442191 -1347352046 -1840011868 -1305154334 1625059101 1577311851
INSERT 50
1766170619 50383514 739951350 427192573 1077990157 -1734509141 917321738 809631986 1536191710 379832428 2049484916 47309507 -648697707 -1307928897 -982925665 536622638 -1181958243 -1051686255 -1173020672 -1385733030 1644985421 -1475288748 55890450 53096157 367121696 2093856349 18458138 -1023472094 -1831209409 -379331738 -1126710381 213025724 662589696 -64896594 -998544424 1295964798 -1841379636 -283083099 672502266 1132443384 972214937 1621238576 817631479 -1345871185 -1752629850 712770319 -1069415264 87527582 1553033591 -208856929
INSERT 50
-378669640 184381997 -630220530 -1796549029 -13764490 -646003640 -1408686774 166868428 542732158 -978912677 1507376602 -1191228930 -948577795 -2067166169 -487425920 289456448 1108233491 72119450 544404458 -1090436628 1769588282 1877686087 2047086486 -750970071 -2006927025 1267388360 1399872966 296962709 1139216944 -1497362199 -1414874354 -745209970 -461629437 844347557 809150361 -1828605596 -850688401 -744087612 -1737320759 -82620872 -2016105227 -1808174807 1511630164 -1576605385 -179015152 1092828627 994078028 -672771023 411992132 -1505546579
INSERT 50
-81672210 -2094785350 1565867531 1257444310 470541837 -1950325764 1443401695 1267862626 -1241394866 48456484 522797455 -1578226143 887398468 1757061954 -1036562378 1296428025 1555372533 263375496 203016978 884511667 246862449 397551058 1832716998 -2050838398 -317304004 -2058995246 -8400968 -1482718332 672029613 -458103589 86241580 -1087015704 2144160710 -940009027 -1271627316 -1443284594 1232454475 772255672 466737460 -518883887 -541464492 339767498 -1587816220 936856638 -1177310831 1851044198 962221259 1447952788 1345038031 1958290060
INSERT 50
1080603206 93997719 1077846244 -631644845 758446510 -533858268 1786745805 -1767857656 -1137124714 1392605769 -427812689 1069456684 -986714066 -1174904578 1903345351 -1813620397 467007124 1690537572 -251599502 1464975603 746902892 1398589324 1419723235 -883041371 1505636157 -321219025 184999703 -1906773950 -918627373 -2076543406 -888426581 1557427219 2131464498 1313460381 614088306 -1844498068 -2100766978 -679914269 -1621588250 212843118 -509464278 -807780567 -56310578 812293853 -1483593097 -928379425 895582154 -1008666656 633573157 1217002147
INSERT 50
-1087521714 1782300752 -1015611249 1840116827 -1975767017 2126897325 1608137118 390223948 -1801688901 -1467106588 -1377201217 747758199 274026129 -1583181173 1621077377 -620425583 1670724893 -1222131273 -1556050446 1027702400 -1489193888 -13893956 967368781 -1612440400 -2104381459 956447018 -906251411 -8130763 1528435286 2016694302 -351066510 -606335273 -518590013 -815146592 -994129389 25817812 1307077323 1667553987 -108140880 -252351372 261341607 -860043575 1302542072 1382811451 -690882390 -656702717 -149975626 -1607663520 188482045 1271341884
INSERT 50
781208593 -360034788 -1804180355 2111965004 -2027774592 -762209044 -2038000588 914421817 -694988780 582087493 -2110281536 -2048085407 1723847670 1490736877 -1460262246 -1085650034 -804354931 1000641423 -2089457577 1733686285 2098021662 -1922109090 -200469491 -994365534 1222645715 301767503 -718204756 -231320887 -1310900790 -559320922 -1026011541 275610355 -96446572 -1426762002 137939009 1521951202 289565642 271373320 186250669 1178018966 -942210869 -1470464944 -1102864916 -1466312506 -367685044 -14094464 949223444 1800196556 -1915756801 540535363
INSERT 50
541863137 1163525262 652938682 -1143608525 777960099 -1182662485 -1593476023 1525438314 2107326624 -1046741825 -1896314256 -2092746656 880378859 -162106 -1694756554 239771777 934356140 1941151535 445857021 -976088619 1675144698 26569512 -708712157 -424845418 -1605396991 1931918654 742282281 542390297 -1942223138 1435072261 -1281891780 -1417642357 166734294 -2136599305 1394057117 -706549771 -1638693404 1657543230 479059616 -49704198 -2084263716 1985530436 1427702135 -398076598 1888438034 -1415791185 -1444476125 570051114 -765021430 1819485219
INSERT 50
-582862801 633228180 -1583740314 -1020996616 2029391551 1036963669 -1324540848 1453779868 1865948985 -1397714942 -972565951 1453698197 249641690 -1125182773 189801835 211447044 -1751554235 889593755 -37876946 -100008353 1537453290 1869524847 505595453 611242964 1309116242 1175613134 2005987037 -1230307714 -997726925 1858244867 -1326810893 -2087875779 906037884 -1885020004 -1794633010 265885799 -1637245517 -1418086224 -1434300478 140590578 -1014614706 157404889 -895310422 -401274098 -499804823 -605465908 -1530842822 -1520267787 117670648 1279058189
INSERT 50
-1056643424 -948587979 -815230408 -353032717 179330376 -2022363988 382715576 -2028719897 738596808 -1782893284 -2063898450 -1952686922 -1520415176 -1431114461 489978528 -1484356176 -124952749 -639783841 1457233055 -1054070863 1290665273 -717912519 -476930350 117169170 -267475668 853047356 -2005472571 229987146 502532729 -988250063 113225493 -1772639457 -1107165192 1971429891 -1664861448 1287374150 -2022303046 725730187 -1108501179 338530810 955185990 1737283105 -615193756 335881149 1197103033 -1326706388 -1365176542 -690726609 -1789364825 619074792
INSERT 50
-234946309 1337285424 673828630 -623358661 -540560910 665790244 -1012432964 2114344251 -1939540214 2113126526 2125714643 -1139316014 -1138329154 636043219 -1224207029 -1644497456 -1027973572 -1419693673 -425609048 -257680558 -779391142 -191452305 1854605208 1574021828 -519153871 -517737871 592442716 -427085626 -735717543 2089116326 1866141619 -1334450358 -1577241030 1159194707 680408884 -1942144451 1822337881 1729032229 -1384698676 1089919581 -584484837 89145002 1620183824 771790549 -1862644088 -760802918 1926991313 -521868315 56979501 192936659
INSERT 50
954477491 727208845 2003022048 1571224076 1321703153 -764356672 2090865842 -684992199 1286333943 2028338331 1695252966 -1473279214 1166093751 -594117174 1541156691 65169451 -163119156 1982997202 13167679 -1566692606 256962995 681893864 -2043585301 -1314157658 509493739 -1670183507 -1776289200 742573262 525594911 -182674984 122992419 -773177075 1104219511 -2113895264 745497502 -2002715085 1069498468 998385948 -1517872069 -950734460 -664964031 -1641904164 1065770210 -338437654 -703190397 161506448 -863127921 273258409 -840634065 301421516
INSERT 50
-1994499251 2023401904 602879944 1256154684 -163410803 -854081353 -1806438988 1211193107 -5867243 1493128508 -9638570 818715557 -1383318607 -813915741 755429351 -1577321491 1201996754 220308470 594533113 -368793596 540642308 847752578 -2085348778 92102844 -789269799 -574495668 1950526979 711375145 -2122079666 -997073511 866343294 -1248827746 -971066622 -1901547671 -1946529233 -179064301 1521944338 1307116109 287230033 -970834387 1721975289 1391699718 1811392226 -590365837 218106146 -1786007309 590455552 1682925162 -131635724 1387909761
INSERT 50
-1469203470 1853029531 -4478249 -288174775 687177684 -1712558302 -561726047 1112029009 -215219422 1631795396 -1894065727 243642728 417611281 -615730043 912712878 -839526379 1642626845 -1213671662 -1637088700 1756201621 -1157026072 465606915 -556550500 -82821334 1147925916 -2085148489 -593364871 -1322329035 317363510 1153214522 1703043641 52031162 276088226 -31901019 722287383 1312806725 475195722 790514246 274093760 -1976961580 1755787398 533155118 1529492631 362886118 -942482546 2084360740 -72446671 -1841895866 904383332 1811480006
INSERT 50
388794702 -687190675 -1350080150 64505049 2138771387 1842886210 860796055 445744168 -202487866 -618450247 -1144882630 1137636320 818948806 -1413771721 1322027811 -1734815874 1488649915 -367115334 931950823 1272776659 -1150182267 1321498441 -1616092846 -345432311 -113017519 -2136956003 225243298 908645472 1729939016 1009489780 1171233460 -1460893502 282999299 1960958739 1308159817 1310720685 -86434496 382473713 -2078987399 -966734563 1897229491 -1868450210 -159860284 2046413082 146318641 -1148000101 1988779655 -634500342 -47105450 -281333115
INSERT 50
-243169557 170202187 -227430378 1574492929 1023099089 143833265 -1226018225 -1156153352 -993631344 -1730157440 -1494526503 1383437383 1189885334 1373479603 361592317 -945742293 1714265829 -1622369702 -1365673822 15707473 610682795 -1915539340 981381542 1404404097 1324683114 911721254 1278899859 -973983828 216598446 524175144 -1088186446 -983321954 488464754 1838244592 13160424 -1394754755 -522938525 644638551 1781074647 -176993865 1946346989 1865651865 -1019776573 -2032350134 -1835397125 1691332308 649236397 1812447668 652623261 -1381774794
INSERT 50
1749840465 185763908 779653828 -735154166 424002054 -1583582959 -1969392844 -1996810319 -1766079288 47634073 -810661513 -1592320723 -184625447 -2107057287 1144104500 -243364797 -1422878193 -635670586 -1989384356 2116634281 1562261749 -48281666 1573206862 -27229230 -62049025 1891495208 1301648606 -1055922396 -540276400 -952724203 912836486 -232271898 -1141919132 786048497 -644794226 -914498302 -1813166740 -224516603 -570083620 234322494 1540543006 387271020 719469981 -593169130 1604851464 1271154878 -430521363 -170101151 -1215552611 -1623991531
INSERT 50
1917172314 -818354263 -1414944073 767467273 -1962392630 1158976469 -1834862741 -1903183238 405376939 1285368769 -582698090 1993593133 -1238525522 -1585971453 -1992398581 -1239092188 -280662351 -2085311217 2034402415 -2114330820 454505878 -1431480297 -1683581387 -685305179 346641868 1344418190 893720163 460740433 -655368489 409631062 -1566208954 422552235 -1095300249 34058375 -1907148564 -1206661762 1821531928 1364058249 1289864205 1054351559 1444103155 -782013389 1387016513 -260302361 -2087147894 -299305375 -1515467120 -2028522919 -1758228881 91302005
INSERT 50
-2052142403 1170110538 217569909 1618760386 384723664 1553173201 -1015350882 -1468319304 1038747352 -443614566 1309415792 962931738 1080153398 1434731438 1218208904 1325915604 -1079993922 -2028033265 1461010806 1626731930 789782671 -1393886672 681855614 1566766304 1882266183 2032413255 -1362346730 1035570540 1712308793 2085190964 -631914138 -64658564 -518972048 1054757228 1195067828 1101509775 465080288 449609678 1137495442 203436871 307891067 -1643306734 2096504007 -555779559 -397493208 1334534360 -1866492140 -1937092180 1896247126 -59599951
INSERT 50
369305401 -1364446647 393891243 1024091474 1842417634 484128361 -999461823 356485177 -185471066 -1359967007 -975232125 -119530041 -274135962 -987945527 1450538039 -1699606484 -1136167996 557552581 1826562771 1763595607 951032884 -1763378260 -277945501 7708457 69084602 -86739761 2032922254 1743260772 906667701 923968392 -621435212 343850063 -953556667 -1840589537 2089940007 -1434222595 -136661527 748807044 -1787426305 -1416555612 595219951 -1145101621 91106756 1672714299 15328698 -1407610133 -1162628421 -626754315 81183628 1519116352
INSERT 50
-401627101 841285057 1065269098 -1177606374 -670271081 -158690728 -1710519850 485823483 -605702093 1931231839 557954246 -1007144747 11687554 -360030737 -162817654 -1685566945 159054429 653575878 -1091694402 -1450986532 1699656737 1018202328 353921647 -58095578 -701097926 -1816274403 -1341076177 1365572487 -220047234 2115333603 -613102224 -27503381 1093995245 -697778239 -1847093920 -1534905508 2027668694 -1895873580 57205387 -314256862 1791976223 814193229 794543143 2003927758 -685214442 -890255073 -726573722 1872120053 209361741 737627356
INSERT 50
-203855960 2020196803 -192106963 1633166124 -1094508180 -250422677 -500904877 869533382 1337511705 -470583022 -1602567968 158772379 1813646698 -351023878 1190040330 1496328469 1257609373 547847813 -1055042506 -826140904 1697635863 234549984 -1831146694 -1335291050 940460955 -1242532 1245412891 423126811 1469791157 1011167223 503625878 1561152130 773231996 -975259502 -176480793 348085641 -1967452445 -264533738 -898370517 -1952052548 -2078918433 -923514244 -1155538128 949641637 1583451529 -821408938 1081968562 -248327101 303794258 997460974
INSERT 50
1065411929 694093617 -457114391 -1633673580 1913142100 1636966429 1692941069 1950627872 604199704 -13511460 -1488589555 -169802092 1030043305 -1975373834 77383182 1484833467 -1127412705 -1762852768 1460152626 -521177499 -559203017 843015625 -1070158560 -227863116 37368021 -1127759566 -1946567918 -2048101914 357444072 -1175180644 -1078482817 1061411988 -702847007 952554014 -464294373 291949906 -1882114241 -672347256 -56908450 1238339446 2011890054 -371578363 -2019685620 1626558974 -894042603 -1840768631 -852867711 -653347140 1987266512 -269398166
INSERT 50
1216398390 1713041150 1062572521 1245923215 1247271123 -681386026 2119509367 1250206232 119072938 11951573 -1001708398 1458278787 1270550612 710806562 -2138752114 1475098196 1038766506 1478351627 -731345204 -776783339 -721352644 -1103356666 1545470677 -396071939 -2054703312 -1714568867 -467989192 -903350568 -885658197 -346715673 216996895 -2103409826 -274629045 -46615967 -270570440 -1147670889 2108135172 1150656065 -1825982341 -1285140291 -1209829773 -989807532 779414475 443943154 -1416738214 850540325 -1603145723 1367577649 808860295 -494450959
INSERT 50
112923156 -240331288 -737212432 -208581778 1726551668 990693485 -1456139428 54440001 -1463609251 440925000 -202471098 459503481 1040270600 -660315976 -1897628077 -253128356 -1766277842 726669073 617220604 -2054487574 243062607 579373554 -1880192057 -43042482 -1306514564 -2019453596 -585766833 -1708107796 -1406909591 -2062544731 -1509440909 1613568687 79708858 2146157238 -975307677 -1023490635 1836295799 286098181 -1449924984 -1762572381 -1941852859 941213128 1832665384 1082742985 -742044365 -2050509599 734611415 -67689513 -303263247 881515657
INSERT 50
-1288967925 -1632033738 549607907 1826646288 -1113117579 450752919 -1758145257 -1666375906 2137728510 -822802390 1586683571 1135125361 -1831408063 -1795292826 -1759136634 673509017 697542411 -1605899472 1714608626 1512721506 -1665815564 457319777 -1588916186 1378376567 1067879497 -1372978402 791775781 -344777406 254242228 1575485512 -319433231 -1281671621 1230777912 956226831 1052077833 122634162 -596888295 598930481 -1444323858 -1267460474 -1885654553 -1890548301 -1624947996 -973287788 -1987137288 1283848978 -1247354099 1217168040 -1491919359 -309915876
INSERT 50
1922835874 -163911721 -625310008 766887336 -757165130 -95244382 1651198273 -273193237 313992632 554896691 627748492 -2007925768 1395023252 1800349935 1792756752 1856589992 1468635094 663708978 1116613935 1298439895 1723070108 2104107717 -527188917 -456791016 -651920937 -1986942708 -1544903614 373325818 -573358405 947454566 -1848409571 611661412 229061876 -402164780 -173708404 1470629987 -1979870266 1473955619 888675949 1449153798 -403676128 -372303662 1311475880 763447516 287660418 1028641575 -448101529 322989780 1862394421 -1459616076
INSERT 50
-971455328 -817239984 -111868918 -1679458303 1031503016 -67206131 -1045110222 151519817 -1949092320 -278791604 1391917804 -565371905 -515470712 148302591 -750237282 130515684 718866890 -699980717 -1937898536 519019589 935454519 2056942473 891490722 -103966629 526902857 896836667 2003208463 -1351144093 -1013543224 -443559851 236215610 -1842798098 -1894553667 -431874881 414306361 -1470594832 -266110292 1821270831 104037564 -922378756 -672879624 471223470 -384255489 765809513 -15786185 812197474 1568382798 974457015 -1039902743 -1042404933
INSERT 50
737232028 -416298774 2011634071 2136625644 1854191874 -1130344159 605434182 1709483817 1513196419 185817366 -1327150911 1907020698 1959491880 -587588272 1470519123 -104697170 -2077105121 1003129762 -366770775 -982415243 -1054219600 -2090321138 -26692105 -51928390 255569850 1797512438 1856149172 349567161 1549443747 -370819841 -1854810224 160675854 1795664118 1939931340 367037351 1344402379 2053567637 -1124382154 -739820887 -1197081979 -681665004 1345742039 736880500 74148225 -1614653627 -855438346 -2018271334 -1488811314 -1792464077 285540512
INSERT 50
786059329 1135881888 -1377176802 587818097 677363290 406564354 -1829865390 1381194434 -1467182984 -190251200 1849747093 -1685970954 -1926155257 -1907107557 -627311466 -1613012131 606691364 -901523850 -862208618 -369478371 1591302440 1530536739 1791471614 1312025675 -413393251 1835321819 -758333112 -308387844 1052670013 -35453175 -226436955 -1828477175 -484444002 -1750247005 794192801 1445557885 -1385658882 1845273526 1165794475 1285942386 -341977110 -787455280 -2058147752 -951064766 402669327 891142891 -30110045 -1587987834 -690979789 -1259787001
INSERT 50
1883136347 -1955295203 542772237 -1026337701 1752681270 -1772745958 1940121364 7487377 -2039212195 -255163137 219069269 -1946034288 -824986212 -107562567 -2111443718 764824082 -1391114425 1113963588 1943696219 507354529 -18307002 -1916099891 457198371 -28443802 990384040 -585776196 -2060568015 -189746066 -1457553252 679425845 357146127 1255818118 1067594069 166803291 -1320025554 2100634684 -469141838 1009329573 -850010809 406327347 2122080367 919934674 -401982625 86446535 911804471 -78004418 -2136825524 -1414375829 74258838 -17707329
