DELETE 5
140524593 1821944313 -1818166024 -1749577561 1962313676
DELETE 4
1367837149 -1089316406 -1549658253 171885748
DELETE 2
183027057 347141843
DELETE 5
903804855 47851486 -76047754 1477130774 -1890996602
DELETE 3
-1258103200 -1085494376 1610744181
DELETE 3
-1830514818 599089828 -1567448763
DELETE 3
-2081260051 -824862302 1713103120
DELETE 6
-62012745 -1993291571 -153059519 1158167186 -780428447 1285211385
DELETE 5
1827540357 131751078 373774319 -679356323 -1826362752
DELETE 4
-1413693320 -1105744104 1572295145 -1876283666
