INSERT 2
1523249696 -628262955
INSERT 3
1776993842 -699336031 469263763
INSERT 8
801547394 -643755575 1471007317 -1388083945 -1744368933 -767997417 1392380053 -892353087
INSERT 9
-895085755 837270088 1895990783 -1323832112 100529881 -263463402 207459409 -1250757343 -675341080
INSERT 4
1695494009 -1426561410 733758623 1336019547
INSERT 5
-941487675 977103460 1409507675 731530647 -408978806
DELETE 5
731530647 -1426561410 -263463402 207459409 -1250757343
INSERT 8
1649103285 -744606567 -1100754874 230050170 285082249 -1060117850 809376868 -937951310
INSERT 2
116660833 1332639611
DELETE 6
230050170 -1060117850 1409507675 837270088 -675341080 -895085755