INSERT 21
288146229 -473564107 -317145364 -1279948485 -1075907584 1074138053 -913631583 172036541 -653573981 -1767313500 -1186369283 40344982 1598861439 1756901689 280467870 -1544850885 -199313407 26409106 18592353 1391669484 1763427061
INSERT 22
-1440115650 856713040 -1317377329 -167009438 1789374988 1034235412 -29751207 -557442381 -1720793378 1171179827 1137554867 -419572994 26432878 1511489946 -50800608 395361360 -1293911316 65057704 -1400502450 -1852956304 408271821 1600291916
INSERT 24
-2100186685 -1514877788 820469451 -122332521 380891559 -1443759321 1073695669 -1821999689 -1459640055 -450409729 -2081812715 -739635963 -2095770970 790388957 -1257222684 -2000563514 -18801728 1431297788 -2059867275 -1786970456 -327922098 1937565446 152099656 -2091658789
INSERT 28
1230993477 -1377170008 1684544920 1347465454 -74961041 -1407974187 -257395891 -1800624775 -739933275 -1682991857 66824602 1134192174 886994255 -348790338 -523947001 -914079822 -1082974380 480765067 1579611345 231245261 1830357573 1570103316 -324202638 1939306043 -1297557954 1032731798 1771826161 -1170863000
INSERT 26
987443528 -669602303 -2053838490 -1858654261 731955003 981940925 -1058489648 484530072 -440831968 1429738880 -413652486 216617943 1138831203 -528814645 1479572330 -1052108086 -90342422 -1395634528 1556269423 -1116140068 -1537686207 -1706792551 491354089 851439698 -346274701 -66881291
INSERT 23
-656583082 251761316 433857978 -896746353 1539701615 -377166418 -21648474 609260695 44357641 478737089 1033959930 -1361013914 -1619699810 -1460745860 -1517464348 -481400710 1558422284 -556797554 -185780234 493076519 252904879 2118650536 1982333047
INSERT 24
961549349 -1146566799 -1962797320 1281854557 1226393416 1939772658 -1528801514 311273595 1655105840 -1313949641 -1441830492 1922532416 1175389465 -1541531614 -1759608130 1155841596 -1577924765 -1244612022 -78060122 -296801002 1584332042 1638058946 -2024611698 -850372995
INSERT 27
-502718890 1910074935 -1292773520 -1611922693 -782631327 77502017 -880089000 -1456969973 -1724075371 1379952627 -1194365538 2048481247 -572565226 63374180 2012096016 2105568540 1286974843 -606612308 930234403 2114746197 -1265581965 -1111211638 -1559018395 436395557 2023681909 1005465189 613498168
INSERT 22
66838293 -1536427684 -1482647457 216676397 1367007741 1454422816 -1254655945 380928926 -1259461358 32228699 383411865 802568815 366111814 -700048737 1309012572 1780723857 -1411069403 -736699869 1237083262 1646750148 -1340934241 512221082
INSERT 20
1319896219 1911283618 -451874905 1336224113 1905534073 1133131145 422889849 -1837308089 1704784401 68016190 1962979638 457586268 2005238141 -2039375807 -1825978330 -350018505 -523118572 1414070513 -881778658 -1576736450
